(0, 100]         626
(100, 200]      2536
(200, 300]      2360
(300, 400]      1729
(400, 500]       857
(500, 600]       301
(600, 700]       121
(700, 800]        84
(800, 900]        32
(900, 1000]       15
(1000, 1100]       5
(1100, 1200]       1
(1200, 1300]       7
(1300, 1400]       2
(1400, 1500]       0
(1500, 1600]       0
(1600, 1700]       1
(1700, 1800]       0
(1800, 1900]       0
(1900, 2000]       0
(2000, 2100]       2
(2100, 2200]       0
(2200, 2300]       0
(2300, 2400]       0
(2400, 2500]       0
(2500, 2600]       0
(2600, 2700]       1
(2700, 2800]       0
(2800, 2900]       0
(2900, 3000]       0
(3000, 3100]       1
