# Sequence Length (log)
6.5737
# alignment-count (log)
0.000000
# effective-alignment-count (log)
0.000000
# Relative 'b' count
0.00
# Relative 'H' count
0.00
# Relative 'E' count
0.00
# AA composition
 0.064
 0.014
 0.032
 0.080
 0.061
 0.073
 0.014
 0.084
 0.041
 0.096
 0.029
 0.031
 0.045
 0.042
 0.059
 0.070
 0.047
 0.066
 0.017
 0.036
# Atchley factors
 0.10 0.72 0.11 0.51 0.91 0.72 0.10 0.30 1.00 0.35 0.30 0.10 0.91 0.00 0.35 0.00 0.10 0.30 0.10 0.30 0.41 0.24 0.00 0.41 0.11 0.30 0.30 0.72 0.03 0.41 0.75 0.85 0.21 0.24 0.85 0.53 0.10 0.21 0.41 0.10 0.24 0.51 0.75 0.72 0.30 0.03 0.72 0.10 0.11 0.75 0.41 0.24 0.85 0.00 0.51 0.24 0.24 0.30 1.00 0.24 0.85 0.00 0.00 0.10 0.30 0.72 0.03 0.03 1.00 1.00 1.00 0.30 0.24 0.91 0.91 0.35 0.35 0.10 0.00 0.03 0.41 0.41 1.00 0.03 0.11 0.24 0.30 0.30 1.00 0.24 0.85 0.41 0.85 0.91 0.30 0.10 0.35 0.91 1.00 0.53 0.03 0.03 0.85 0.30 0.10 1.00 0.24 0.35 0.10 0.85 0.91 0.10 0.72 0.10 0.85 0.51 0.00 0.75 0.00 0.00 0.11 0.24 0.72 0.91 0.48 0.75 0.48 0.72 0.41 0.48 0.21 0.85 0.85 0.41 0.00 0.91 0.24 0.21 0.41 0.53 0.00 0.03 0.72 0.72 0.30 0.21 0.24 0.21 0.51 0.24 0.30 0.41 0.35 0.91 0.24 0.35 0.35 0.21 0.85 0.03 0.21 0.85 0.24 0.51 0.35 0.00 0.24 0.91 0.72 0.11 0.72 0.10 0.03 0.48 0.48 0.03 0.00 0.85 0.72 0.24 0.85 0.51 0.53 0.21 0.11 0.72 0.91 0.85 1.00 0.00 0.85 0.00 0.72 0.10 0.48 0.85 0.10 0.11 0.53 1.00 0.03 0.30 0.00 0.30 0.24 0.21 0.41 0.24 0.35 0.48 0.10 0.24 0.00 0.30 0.03 0.00 0.35 0.30 1.00 0.51 0.75 0.35 0.30 0.03 0.48 0.48 0.51 0.35 0.91 0.24 0.35 0.10 1.00 0.30 0.51 0.72 0.24 0.10 1.00 0.75 1.00 0.03 0.10 0.35 0.85 0.85 0.30 0.91 0.91 0.72 0.72 0.24 1.00 0.10 1.00 0.85 0.10 0.72 0.24 0.03 0.24 0.85 0.91 0.10 0.30 0.00 0.41 0.10 0.48 0.72 0.10 0.24 0.03 0.24 0.24 0.00 0.10 0.91 0.72 0.85 0.30 0.00 0.35 0.35 0.00 0.10 0.10 0.30 0.24 0.35 0.72 0.24 0.85 0.72 0.10 0.21 0.85 0.72 0.03 0.30 0.24 0.03 0.72 0.00 0.10 0.48 1.00 0.10 0.35 0.35 0.35 0.03 0.00 0.53 0.85 0.03 0.75 0.35 0.03 0.10 0.30 0.72 1.00 0.48 0.51 0.35 0.00 0.85 0.91 0.00 0.00 0.03 0.72 0.03 0.35 0.30 0.10 0.91 0.11 0.85 0.41 0.72 0.10 1.00 0.41 0.10 0.24 0.72 0.11 0.48 0.85 0.41 0.10 0.10 0.30 0.75 0.48 1.00 1.00 0.91 0.21 0.91 0.51 0.11 0.75 0.48 0.10 0.91 0.72 0.85 0.51 0.11 0.11 0.75 0.91 0.72 0.91 0.48 0.35 0.11 0.75 0.24 0.03 0.10 0.51 0.51 0.51 0.72 0.35 0.30 0.30 0.91 0.10 0.91 0.91 0.48 0.00 0.72 0.00 0.48 0.10 0.75 0.03 0.11 0.35 0.85 0.85 0.03 0.91 0.11 0.51 0.85 0.10 0.30 0.85 0.85 0.24 0.21 0.85 0.21 0.11 0.91 0.85 0.75 0.85 0.30 0.51 0.03 1.00 0.85 0.85 0.85 0.91 0.48 0.10 0.48 0.85 0.72 0.85 0.11 0.72 0.91 0.72 0.00 0.24 0.10 0.10 0.11 0.85 0.51 0.48 0.85 0.35 0.35 0.30 0.48 0.24 0.91 0.03 0.03 0.24 0.03 0.00 0.35 0.00 0.21 0.00 0.03 0.10 0.03 0.35 0.03 0.00 0.35 0.11 0.00 0.10 0.85 0.41 0.10 0.48 0.03 0.11 0.91 0.75 0.85 0.72 0.85 0.75 0.21 0.53 0.30 0.30 0.30 0.00 0.41 0.11 0.53 0.41 0.51 0.35 0.72 0.35 0.41 0.03 0.30 0.51 0.72 0.72 0.35 0.41 0.35 0.11 0.41 0.75 0.48 0.11 0.11 0.03 0.00 0.85 0.41 0.10 0.00 0.03 0.03 0.24 0.11 0.35 0.11 0.85 0.11 0.10 0.00 0.91 0.11 0.11 0.24 0.00 0.48 0.35 1.00 0.24 0.30 0.11 0.11 0.41 0.72 0.03 0.21 0.72 0.03 0.03 0.75 0.03 0.00 0.24 0.03 0.03 0.48 0.51 0.11 0.03 0.41 0.10 0.30 0.41 0.85 0.10 0.24 0.85 1.00 0.48 0.85 0.75 0.24 0.72 0.72 0.30 0.72 0.72 0.24 0.21 0.35 0.10 0.24 0.03 0.10 0.91 0.00 0.03 0.91 0.10 0.00 0.91 0.00 0.11 0.91 0.03 0.11 1.00 0.10 0.35 0.91 0.53 0.35 1.00 0.30 0.10 0.72 0.03 0.10 0.30 0.72 0.41 0.10 1.00 0.24 0.35 0.21 0.91 0.85 0.10 0.30 0.10 0.10 0.03 0.11 0.11 0.10 0.11 0.03 0.30 0.00 0.03 0.10 0.11 0.35 0.35 0.24 0.00 0.51 0.11 0.24 0.85 0.24 0.75 0.85 0.91 0.75 0.35 0.72 0.11 0.48 0.35 0.03 0.48 0.75 0.24 0.11 0.24 0.24 0.24 0.00 0.00 0.35 0.21 0.41 0.41 0.00 0.30 0.51 0.30 0.75 0.21 0.00 0.48 0.41 0.41 0.03 0.30 0.30 1.00 0.03 0.00 0.30 0.35 0.10 0.00 0.24 0.03 0.24 0.30 0.00 0.10 0.41 0.03 0.24 0.10 0.48 0.00 0.48 0.00 0.03 0.00 0.35 0.72 0.11 0.72 0.51 0.11 0.51 0.53 0.91 0.85 0.41
 0.15 0.37 0.26 0.65 0.41 0.65 0.15 0.88 0.27 0.81 0.88 0.15 0.41 0.35 0.81 0.55 0.15 0.88 0.15 0.88 0.51 0.43 0.35 0.51 0.26 0.88 0.88 0.37 0.27 0.51 0.51 0.02 0.00 0.06 0.02 0.31 0.15 0.00 0.51 0.15 0.06 0.65 0.51 0.65 0.88 0.27 0.65 0.15 0.26 0.51 0.51 0.06 0.02 0.35 0.65 0.06 0.06 0.88 0.27 0.06 0.02 0.35 0.35 0.15 0.88 0.65 0.27 0.27 0.27 0.27 0.27 0.88 0.43 0.41 0.41 0.81 0.81 0.15 0.35 0.27 0.51 0.51 0.27 0.27 0.26 0.43 0.88 0.88 0.27 0.06 0.02 0.51 0.02 0.41 0.88 0.15 0.81 0.41 0.27 0.31 0.27 0.27 0.02 0.88 0.15 0.27 0.06 0.81 0.15 0.02 0.41 0.15 0.37 0.15 0.02 0.65 0.35 0.51 0.35 0.35 0.26 0.06 0.65 0.41 1.00 0.51 1.00 0.65 0.51 1.00 0.00 0.02 0.02 0.51 0.35 0.41 0.06 0.00 0.51 0.31 0.35 0.27 0.65 0.37 0.88 0.00 0.06 0.00 0.65 0.43 0.88 0.51 0.81 0.41 0.43 0.81 0.81 0.00 0.02 0.27 0.00 0.02 0.06 0.65 0.81 0.35 0.06 0.41 0.37 0.26 0.65 0.15 0.27 1.00 1.00 0.27 0.55 0.02 0.37 0.06 0.02 0.65 0.31 0.00 0.26 0.37 0.41 0.02 0.27 0.35 0.02 0.35 0.37 0.15 1.00 0.02 0.15 0.26 0.31 0.27 0.27 0.88 0.35 0.88 0.06 0.00 0.51 0.43 0.81 1.00 0.15 0.06 0.55 0.88 0.27 0.35 0.81 0.88 0.27 0.65 0.51 0.81 0.88 0.27 1.00 1.00 0.65 0.81 0.41 0.06 0.81 0.15 0.27 0.88 0.65 0.37 0.43 0.15 0.27 0.51 0.27 0.27 0.15 0.81 0.02 0.02 0.88 0.41 0.41 0.37 0.37 0.06 0.27 0.15 0.27 0.02 0.15 0.37 0.06 0.27 0.06 0.02 0.41 0.15 0.88 0.55 0.51 0.15 1.00 0.37 0.15 0.06 0.27 0.06 0.43 0.55 0.15 0.41 0.65 0.02 0.88 0.35 0.81 0.81 0.35 0.15 0.15 0.88 0.06 0.81 0.65 0.06 0.02 0.37 0.15 0.00 0.02 0.65 0.27 0.88 0.06 0.27 0.37 0.35 0.15 1.00 0.27 0.15 0.81 0.81 0.81 0.27 0.35 0.31 0.02 0.27 0.51 0.81 0.27 0.15 0.88 0.65 0.27 1.00 0.65 0.81 0.55 0.02 0.41 0.35 0.35 0.27 0.65 0.27 0.81 0.88 0.15 0.41 0.26 0.02 0.51 0.37 0.15 0.27 0.51 0.15 0.06 0.37 0.26 1.00 0.02 0.51 0.15 0.15 0.88 0.51 1.00 0.27 0.27 0.41 0.00 0.41 0.65 0.26 0.51 1.00 0.15 0.41 0.65 0.02 0.65 0.26 0.26 0.51 0.41 0.65 0.41 1.00 0.81 0.26 0.51 0.06 0.27 0.15 0.65 0.65 0.65 0.37 0.81 0.88 0.88 0.41 0.15 0.41 0.41 1.00 0.35 0.65 0.35 1.00 0.15 0.51 0.27 0.26 0.81 0.02 0.02 0.27 0.41 0.26 0.65 0.02 0.15 0.88 0.02 0.02 0.06 0.00 0.02 0.00 0.26 0.41 0.02 0.51 0.02 0.88 0.65 0.27 0.27 0.02 0.02 0.02 0.41 1.00 0.15 1.00 0.02 0.65 0.02 0.26 0.37 0.41 0.37 0.35 0.43 0.15 0.15 0.26 0.02 0.65 1.00 0.02 0.81 0.81 0.88 1.00 0.06 0.41 0.27 0.27 0.06 0.27 0.35 0.81 0.35 0.00 0.35 0.27 0.15 0.27 0.81 0.27 0.35 0.81 0.26 0.55 0.15 0.02 0.51 0.15 1.00 0.27 0.26 0.41 0.51 0.02 0.65 0.02 0.51 0.00 0.31 0.88 0.88 0.88 0.35 0.51 0.26 0.31 0.51 0.65 0.81 0.37 0.81 0.51 0.27 0.88 0.65 0.37 0.37 0.81 0.51 0.81 0.26 0.51 0.51 1.00 0.26 0.26 0.27 0.35 0.02 0.51 0.15 0.55 0.27 0.27 0.43 0.26 0.81 0.26 0.02 0.26 0.15 0.35 0.41 0.26 0.26 0.06 0.55 1.00 0.81 0.27 0.06 0.88 0.26 0.26 0.51 0.65 0.27 0.00 0.65 0.27 0.27 0.51 0.27 0.35 0.06 0.27 0.27 1.00 0.65 0.26 0.27 0.51 0.15 0.88 0.51 0.02 0.15 0.06 0.02 0.27 1.00 0.02 0.51 0.06 0.37 0.37 0.88 0.37 0.37 0.06 0.00 0.81 0.15 0.06 0.27 0.15 0.41 0.35 0.27 0.41 0.15 0.35 0.41 0.35 0.26 0.41 0.27 0.26 0.27 0.15 0.81 0.41 0.31 0.81 0.27 0.88 0.15 0.37 0.27 0.15 0.88 0.37 0.51 0.15 0.27 0.06 0.81 0.00 0.41 0.02 0.15 0.88 0.15 0.15 0.27 0.26 0.26 0.15 0.26 0.27 0.88 0.35 0.27 0.15 0.26 0.81 0.81 0.06 0.35 0.65 0.26 0.06 0.02 0.06 0.51 0.02 0.41 0.51 0.81 0.37 0.26 1.00 0.81 0.27 1.00 0.51 0.06 0.26 0.43 0.43 0.06 0.35 0.35 0.81 0.00 0.51 0.51 0.35 0.88 0.65 0.88 0.51 0.00 0.35 1.00 0.51 0.51 0.27 0.88 0.88 0.27 0.27 0.35 0.88 0.81 0.15 0.55 0.06 0.27 0.06 0.88 0.35 0.15 0.51 0.27 0.06 0.15 1.00 0.35 1.00 0.35 0.27 0.35 0.81 0.65 0.26 0.65 0.65 0.26 0.65 0.31 0.41 0.02 0.51
 0.41 0.22 0.85 1.00 0.80 0.77 0.41 0.78 0.67 0.00 0.78 0.41 0.80 0.54 0.00 0.50 0.41 0.78 0.41 0.78 0.89 0.69 0.54 0.89 0.85 0.78 0.78 0.22 0.88 0.89 0.14 0.79 0.89 0.51 0.79 0.39 0.41 0.89 0.89 0.41 0.51 1.00 0.14 0.77 0.78 0.88 0.77 0.41 0.85 0.14 0.89 0.51 0.79 0.54 1.00 0.51 0.51 0.78 0.67 0.51 0.79 0.54 0.54 0.41 0.78 0.77 0.88 0.88 0.67 0.67 0.67 0.78 0.69 0.80 0.80 0.00 0.00 0.41 0.54 0.88 0.89 0.89 0.67 0.88 0.85 0.69 0.78 0.78 0.67 0.51 0.79 0.89 0.79 0.80 0.78 0.41 0.00 0.80 0.67 0.39 0.88 0.88 0.79 0.78 0.41 0.67 0.51 0.00 0.41 0.79 0.80 0.41 0.22 0.41 0.79 1.00 0.54 0.14 0.54 0.54 0.85 0.51 0.77 0.80 0.40 0.14 0.40 0.77 0.89 0.40 0.89 0.79 0.79 0.89 0.54 0.80 0.51 0.89 0.89 0.39 0.54 0.88 0.77 0.22 0.78 0.89 0.51 0.89 1.00 0.69 0.78 0.89 0.00 0.80 0.69 0.00 0.00 0.89 0.79 0.88 0.89 0.79 0.51 1.00 0.00 0.54 0.51 0.80 0.22 0.85 0.77 0.41 0.88 0.40 0.40 0.88 0.50 0.79 0.22 0.51 0.79 1.00 0.39 0.89 0.85 0.22 0.80 0.79 0.67 0.54 0.79 0.54 0.22 0.41 0.40 0.79 0.41 0.85 0.39 0.67 0.88 0.78 0.54 0.78 0.51 0.89 0.89 0.69 0.00 0.40 0.41 0.51 0.50 0.78 0.88 0.54 0.00 0.78 0.67 1.00 0.14 0.00 0.78 0.88 0.40 0.40 1.00 0.00 0.80 0.51 0.00 0.41 0.67 0.78 1.00 0.22 0.69 0.41 0.67 0.14 0.67 0.88 0.41 0.00 0.79 0.79 0.78 0.80 0.80 0.22 0.22 0.51 0.67 0.41 0.67 0.79 0.41 0.22 0.51 0.88 0.51 0.79 0.80 0.41 0.78 0.50 0.89 0.41 0.40 0.22 0.41 0.51 0.88 0.51 0.69 0.50 0.41 0.80 0.77 0.79 0.78 0.54 0.00 0.00 0.54 0.41 0.41 0.78 0.51 0.00 0.77 0.51 0.79 0.22 0.41 0.89 0.79 0.77 0.88 0.78 0.51 0.88 0.22 0.54 0.41 0.40 0.67 0.41 0.00 0.00 0.00 0.88 0.54 0.39 0.79 0.88 0.14 0.00 0.88 0.41 0.78 0.77 0.67 0.40 1.00 0.00 0.50 0.79 0.80 0.54 0.54 0.88 0.77 0.88 0.00 0.78 0.41 0.80 0.85 0.79 0.89 0.22 0.41 0.67 0.89 0.41 0.51 0.22 0.85 0.40 0.79 0.89 0.41 0.41 0.78 0.14 0.40 0.67 0.67 0.80 0.89 0.80 1.00 0.85 0.14 0.40 0.41 0.80 0.77 0.79 1.00 0.85 0.85 0.14 0.80 0.77 0.80 0.40 0.00 0.85 0.14 0.51 0.88 0.41 1.00 1.00 1.00 0.22 0.00 0.78 0.78 0.80 0.41 0.80 0.80 0.40 0.54 0.77 0.54 0.40 0.41 0.14 0.88 0.85 0.00 0.79 0.79 0.88 0.80 0.85 1.00 0.79 0.41 0.78 0.79 0.79 0.51 0.89 0.79 0.89 0.85 0.80 0.79 0.14 0.79 0.78 1.00 0.88 0.67 0.79 0.79 0.79 0.80 0.40 0.41 0.40 0.79 0.77 0.79 0.85 0.22 0.80 0.22 0.54 0.69 0.41 0.41 0.85 0.79 1.00 0.40 0.79 0.00 0.00 0.78 0.40 0.51 0.80 0.88 0.88 0.51 0.88 0.54 0.00 0.54 0.89 0.54 0.88 0.41 0.88 0.00 0.88 0.54 0.00 0.85 0.50 0.41 0.79 0.89 0.41 0.40 0.88 0.85 0.80 0.14 0.79 0.77 0.79 0.14 0.89 0.39 0.78 0.78 0.78 0.54 0.89 0.85 0.39 0.89 1.00 0.00 0.22 0.00 0.89 0.88 0.78 1.00 0.22 0.22 0.00 0.89 0.00 0.85 0.89 0.14 0.40 0.85 0.85 0.88 0.54 0.79 0.89 0.41 0.50 0.88 0.88 0.69 0.85 0.00 0.85 0.79 0.85 0.41 0.54 0.80 0.85 0.85 0.51 0.50 0.40 0.00 0.67 0.51 0.78 0.85 0.85 0.89 0.77 0.88 0.89 0.77 0.88 0.88 0.14 0.88 0.54 0.51 0.88 0.88 0.40 1.00 0.85 0.88 0.89 0.41 0.78 0.89 0.79 0.41 0.51 0.79 0.67 0.40 0.79 0.14 0.51 0.22 0.22 0.78 0.22 0.22 0.51 0.89 0.00 0.41 0.51 0.88 0.41 0.80 0.54 0.88 0.80 0.41 0.54 0.80 0.54 0.85 0.80 0.88 0.85 0.67 0.41 0.00 0.80 0.39 0.00 0.67 0.78 0.41 0.22 0.88 0.41 0.78 0.22 0.89 0.41 0.67 0.51 0.00 0.89 0.80 0.79 0.41 0.78 0.41 0.41 0.88 0.85 0.85 0.41 0.85 0.88 0.78 0.54 0.88 0.41 0.85 0.00 0.00 0.51 0.54 1.00 0.85 0.51 0.79 0.51 0.14 0.79 0.80 0.14 0.00 0.22 0.85 0.40 0.00 0.88 0.40 0.14 0.51 0.85 0.69 0.69 0.51 0.54 0.54 0.00 0.89 0.89 0.89 0.54 0.78 1.00 0.78 0.14 0.89 0.54 0.40 0.89 0.89 0.88 0.78 0.78 0.67 0.88 0.54 0.78 0.00 0.41 0.50 0.51 0.88 0.51 0.78 0.54 0.41 0.89 0.88 0.51 0.41 0.40 0.54 0.40 0.54 0.88 0.54 0.00 0.77 0.85 0.77 1.00 0.85 1.00 0.39 0.80 0.79 0.89
 0.92 0.44 0.47 0.35 0.69 0.53 0.92 0.86 0.50 0.76 0.86 0.92 0.69 0.91 0.76 0.30 0.92 0.86 0.92 0.86 0.82 0.00 0.91 0.82 0.47 0.86 0.86 0.44 0.68 0.82 0.51 0.61 0.30 1.00 0.61 0.18 0.92 0.30 0.82 0.92 1.00 0.35 0.51 0.53 0.86 0.68 0.53 0.92 0.47 0.51 0.82 1.00 0.61 0.91 0.35 1.00 1.00 0.86 0.50 1.00 0.61 0.91 0.91 0.92 0.86 0.53 0.68 0.68 0.50 0.50 0.50 0.86 0.00 0.69 0.69 0.76 0.76 0.92 0.91 0.68 0.82 0.82 0.50 0.68 0.47 0.00 0.86 0.86 0.50 1.00 0.61 0.82 0.61 0.69 0.86 0.92 0.76 0.69 0.50 0.18 0.68 0.68 0.61 0.86 0.92 0.50 1.00 0.76 0.92 0.61 0.69 0.92 0.44 0.92 0.61 0.35 0.91 0.51 0.91 0.91 0.47 1.00 0.53 0.69 0.69 0.51 0.69 0.53 0.82 0.69 0.30 0.61 0.61 0.82 0.91 0.69 1.00 0.30 0.82 0.18 0.91 0.68 0.53 0.44 0.86 0.30 1.00 0.30 0.35 0.00 0.86 0.82 0.76 0.69 0.00 0.76 0.76 0.30 0.61 0.68 0.30 0.61 1.00 0.35 0.76 0.91 1.00 0.69 0.44 0.47 0.53 0.92 0.68 0.69 0.69 0.68 0.30 0.61 0.44 1.00 0.61 0.35 0.18 0.30 0.47 0.44 0.69 0.61 0.50 0.91 0.61 0.91 0.44 0.92 0.69 0.61 0.92 0.47 0.18 0.50 0.68 0.86 0.91 0.86 1.00 0.30 0.82 0.00 0.76 0.69 0.92 1.00 0.30 0.86 0.68 0.91 0.76 0.86 0.50 0.35 0.51 0.76 0.86 0.68 0.69 0.69 0.35 0.76 0.69 1.00 0.76 0.92 0.50 0.86 0.35 0.44 0.00 0.92 0.50 0.51 0.50 0.68 0.92 0.76 0.61 0.61 0.86 0.69 0.69 0.44 0.44 1.00 0.50 0.92 0.50 0.61 0.92 0.44 1.00 0.68 1.00 0.61 0.69 0.92 0.86 0.30 0.82 0.92 0.69 0.44 0.92 1.00 0.68 1.00 0.00 0.30 0.92 0.69 0.53 0.61 0.86 0.91 0.76 0.76 0.91 0.92 0.92 0.86 1.00 0.76 0.53 1.00 0.61 0.44 0.92 0.30 0.61 0.53 0.68 0.86 1.00 0.68 0.44 0.91 0.92 0.69 0.50 0.92 0.76 0.76 0.76 0.68 0.91 0.18 0.61 0.68 0.51 0.76 0.68 0.92 0.86 0.53 0.50 0.69 0.35 0.76 0.30 0.61 0.69 0.91 0.91 0.68 0.53 0.68 0.76 0.86 0.92 0.69 0.47 0.61 0.82 0.44 0.92 0.50 0.82 0.92 1.00 0.44 0.47 0.69 0.61 0.82 0.92 0.92 0.86 0.51 0.69 0.50 0.50 0.69 0.30 0.69 0.35 0.47 0.51 0.69 0.92 0.69 0.53 0.61 0.35 0.47 0.47 0.51 0.69 0.53 0.69 0.69 0.76 0.47 0.51 1.00 0.68 0.92 0.35 0.35 0.35 0.44 0.76 0.86 0.86 0.69 0.92 0.69 0.69 0.69 0.91 0.53 0.91 0.69 0.92 0.51 0.68 0.47 0.76 0.61 0.61 0.68 0.69 0.47 0.35 0.61 0.92 0.86 0.61 0.61 1.00 0.30 0.61 0.30 0.47 0.69 0.61 0.51 0.61 0.86 0.35 0.68 0.50 0.61 0.61 0.61 0.69 0.69 0.92 0.69 0.61 0.53 0.61 0.47 0.44 0.69 0.44 0.91 0.00 0.92 0.92 0.47 0.61 0.35 0.69 0.61 0.76 0.76 0.86 0.69 1.00 0.69 0.68 0.68 1.00 0.68 0.91 0.76 0.91 0.30 0.91 0.68 0.92 0.68 0.76 0.68 0.91 0.76 0.47 0.30 0.92 0.61 0.82 0.92 0.69 0.68 0.47 0.69 0.51 0.61 0.53 0.61 0.51 0.30 0.18 0.86 0.86 0.86 0.91 0.82 0.47 0.18 0.82 0.35 0.76 0.44 0.76 0.82 0.68 0.86 0.35 0.44 0.44 0.76 0.82 0.76 0.47 0.82 0.51 0.69 0.47 0.47 0.68 0.91 0.61 0.82 0.92 0.30 0.68 0.68 0.00 0.47 0.76 0.47 0.61 0.47 0.92 0.91 0.69 0.47 0.47 1.00 0.30 0.69 0.76 0.50 1.00 0.86 0.47 0.47 0.82 0.53 0.68 0.30 0.53 0.68 0.68 0.51 0.68 0.91 1.00 0.68 0.68 0.69 0.35 0.47 0.68 0.82 0.92 0.86 0.82 0.61 0.92 1.00 0.61 0.50 0.69 0.61 0.51 1.00 0.44 0.44 0.86 0.44 0.44 1.00 0.30 0.76 0.92 1.00 0.68 0.92 0.69 0.91 0.68 0.69 0.92 0.91 0.69 0.91 0.47 0.69 0.68 0.47 0.50 0.92 0.76 0.69 0.18 0.76 0.50 0.86 0.92 0.44 0.68 0.92 0.86 0.44 0.82 0.92 0.50 1.00 0.76 0.30 0.69 0.61 0.92 0.86 0.92 0.92 0.68 0.47 0.47 0.92 0.47 0.68 0.86 0.91 0.68 0.92 0.47 0.76 0.76 1.00 0.91 0.35 0.47 1.00 0.61 1.00 0.51 0.61 0.69 0.51 0.76 0.44 0.47 0.69 0.76 0.68 0.69 0.51 1.00 0.47 0.00 0.00 1.00 0.91 0.91 0.76 0.30 0.82 0.82 0.91 0.86 0.35 0.86 0.51 0.30 0.91 0.69 0.82 0.82 0.68 0.86 0.86 0.50 0.68 0.91 0.86 0.76 0.92 0.30 1.00 0.68 1.00 0.86 0.91 0.92 0.82 0.68 1.00 0.92 0.69 0.91 0.69 0.91 0.68 0.91 0.76 0.53 0.47 0.53 0.35 0.47 0.35 0.18 0.69 0.61 0.82
 0.38 0.23 0.60 0.77 1.00 0.68 0.38 0.86 0.80 0.10 0.86 0.38 1.00 0.32 0.10 0.49 0.38 0.86 0.38 0.86 0.74 0.50 0.32 0.74 0.60 0.86 0.86 0.23 0.66 0.74 0.00 0.39 0.73 0.50 0.39 0.52 0.38 0.73 0.74 0.38 0.50 0.77 0.00 0.68 0.86 0.66 0.68 0.38 0.60 0.00 0.74 0.50 0.39 0.32 0.77 0.50 0.50 0.86 0.80 0.50 0.39 0.32 0.32 0.38 0.86 0.68 0.66 0.66 0.80 0.80 0.80 0.86 0.50 1.00 1.00 0.10 0.10 0.38 0.32 0.66 0.74 0.74 0.80 0.66 0.60 0.50 0.86 0.86 0.80 0.50 0.39 0.74 0.39 1.00 0.86 0.38 0.10 1.00 0.80 0.52 0.66 0.66 0.39 0.86 0.38 0.80 0.50 0.10 0.38 0.39 1.00 0.38 0.23 0.38 0.39 0.77 0.32 0.00 0.32 0.32 0.60 0.50 0.68 1.00 0.30 0.00 0.30 0.68 0.74 0.30 0.73 0.39 0.39 0.74 0.32 1.00 0.50 0.73 0.74 0.52 0.32 0.66 0.68 0.23 0.86 0.73 0.50 0.73 0.77 0.50 0.86 0.74 0.10 1.00 0.50 0.10 0.10 0.73 0.39 0.66 0.73 0.39 0.50 0.77 0.10 0.32 0.50 1.00 0.23 0.60 0.68 0.38 0.66 0.30 0.30 0.66 0.49 0.39 0.23 0.50 0.39 0.77 0.52 0.73 0.60 0.23 1.00 0.39 0.80 0.32 0.39 0.32 0.23 0.38 0.30 0.39 0.38 0.60 0.52 0.80 0.66 0.86 0.32 0.86 0.50 0.73 0.74 0.50 0.10 0.30 0.38 0.50 0.49 0.86 0.66 0.32 0.10 0.86 0.80 0.77 0.00 0.10 0.86 0.66 0.30 0.30 0.77 0.10 1.00 0.50 0.10 0.38 0.80 0.86 0.77 0.23 0.50 0.38 0.80 0.00 0.80 0.66 0.38 0.10 0.39 0.39 0.86 1.00 1.00 0.23 0.23 0.50 0.80 0.38 0.80 0.39 0.38 0.23 0.50 0.66 0.50 0.39 1.00 0.38 0.86 0.49 0.74 0.38 0.30 0.23 0.38 0.50 0.66 0.50 0.50 0.49 0.38 1.00 0.68 0.39 0.86 0.32 0.10 0.10 0.32 0.38 0.38 0.86 0.50 0.10 0.68 0.50 0.39 0.23 0.38 0.73 0.39 0.68 0.66 0.86 0.50 0.66 0.23 0.32 0.38 0.30 0.80 0.38 0.10 0.10 0.10 0.66 0.32 0.52 0.39 0.66 0.00 0.10 0.66 0.38 0.86 0.68 0.80 0.30 0.77 0.10 0.49 0.39 1.00 0.32 0.32 0.66 0.68 0.66 0.10 0.86 0.38 1.00 0.60 0.39 0.74 0.23 0.38 0.80 0.74 0.38 0.50 0.23 0.60 0.30 0.39 0.74 0.38 0.38 0.86 0.00 0.30 0.80 0.80 1.00 0.73 1.00 0.77 0.60 0.00 0.30 0.38 1.00 0.68 0.39 0.77 0.60 0.60 0.00 1.00 0.68 1.00 0.30 0.10 0.60 0.00 0.50 0.66 0.38 0.77 0.77 0.77 0.23 0.10 0.86 0.86 1.00 0.38 1.00 1.00 0.30 0.32 0.68 0.32 0.30 0.38 0.00 0.66 0.60 0.10 0.39 0.39 0.66 1.00 0.60 0.77 0.39 0.38 0.86 0.39 0.39 0.50 0.73 0.39 0.73 0.60 1.00 0.39 0.00 0.39 0.86 0.77 0.66 0.80 0.39 0.39 0.39 1.00 0.30 0.38 0.30 0.39 0.68 0.39 0.60 0.23 1.00 0.23 0.32 0.50 0.38 0.38 0.60 0.39 0.77 0.30 0.39 0.10 0.10 0.86 0.30 0.50 1.00 0.66 0.66 0.50 0.66 0.32 0.10 0.32 0.73 0.32 0.66 0.38 0.66 0.10 0.66 0.32 0.10 0.60 0.49 0.38 0.39 0.74 0.38 0.30 0.66 0.60 1.00 0.00 0.39 0.68 0.39 0.00 0.73 0.52 0.86 0.86 0.86 0.32 0.74 0.60 0.52 0.74 0.77 0.10 0.23 0.10 0.74 0.66 0.86 0.77 0.23 0.23 0.10 0.74 0.10 0.60 0.74 0.00 0.30 0.60 0.60 0.66 0.32 0.39 0.74 0.38 0.49 0.66 0.66 0.50 0.60 0.10 0.60 0.39 0.60 0.38 0.32 1.00 0.60 0.60 0.50 0.49 0.30 0.10 0.80 0.50 0.86 0.60 0.60 0.74 0.68 0.66 0.73 0.68 0.66 0.66 0.00 0.66 0.32 0.50 0.66 0.66 0.30 0.77 0.60 0.66 0.74 0.38 0.86 0.74 0.39 0.38 0.50 0.39 0.80 0.30 0.39 0.00 0.50 0.23 0.23 0.86 0.23 0.23 0.50 0.73 0.10 0.38 0.50 0.66 0.38 1.00 0.32 0.66 1.00 0.38 0.32 1.00 0.32 0.60 1.00 0.66 0.60 0.80 0.38 0.10 1.00 0.52 0.10 0.80 0.86 0.38 0.23 0.66 0.38 0.86 0.23 0.74 0.38 0.80 0.50 0.10 0.73 1.00 0.39 0.38 0.86 0.38 0.38 0.66 0.60 0.60 0.38 0.60 0.66 0.86 0.32 0.66 0.38 0.60 0.10 0.10 0.50 0.32 0.77 0.60 0.50 0.39 0.50 0.00 0.39 1.00 0.00 0.10 0.23 0.60 0.30 0.10 0.66 0.30 0.00 0.50 0.60 0.50 0.50 0.50 0.32 0.32 0.10 0.73 0.74 0.74 0.32 0.86 0.77 0.86 0.00 0.73 0.32 0.30 0.74 0.74 0.66 0.86 0.86 0.80 0.66 0.32 0.86 0.10 0.38 0.49 0.50 0.66 0.50 0.86 0.32 0.38 0.74 0.66 0.50 0.38 0.30 0.32 0.30 0.32 0.66 0.32 0.10 0.68 0.60 0.68 0.77 0.60 0.77 0.52 1.00 0.39 0.74
# Secondary Structure
 0 0 0 0 0 0 0 0 0 0 0 0 0 0 0 0 0 0 0 0 0 0 0 0 0 0 0 0 0 0 0 0 0 0 0 0 0 0 0 0 0 0 0 0 0 0 0 0 0 0 0 0 0 0 0 0 0 0 0 0 0 0 0 0 0 0 0 0 0 0 0 0 0 0 0 0 0 0 0 0 0 0 0 0 0 0 0 0 0 0 0 0 0 0 0 0 0 0 0 0 0 0 0 0 0 0 0 0 0 0 0 0 0 0 0 0 0 0 0 0 0 0 0 0 0 0 0 0 0 0 0 0 0 0 0 0 0 0 0 0 0 0 0 0 0 0 0 0 0 0 0 0 0 0 0 0 0 0 0 0 0 0 0 0 0 0 0 0 0 0 0 0 0 0 0 0 0 0 0 0 0 0 0 0 0 0 0 0 0 0 0 0 0 0 0 0 0 0 0 0 0 0 0 0 0 0 0 0 0 0 0 0 0 0 0 0 0 0 0 0 0 0 0 0 0 0 0 0 0 0 0 0 0 0 0 0 0 0 0 0 0 0 0 0 0 0 0 0 0 0 0 0 0 0 0 0 0 0 0 0 0 0 0 0 0 0 0 0 0 0 0 0 0 0 0 0 0 0 0 0 0 0 0 0 0 0 0 0 0 0 0 0 0 0 0 0 0 0 0 0 0 0 0 0 0 0 0 0 0 0 0 0 0 0 0 0 0 0 0 0 0 0 0 0 0 0 0 0 0 0 0 0 0 0 0 0 0 0 0 0 0 0 0 0 0 0 0 0 0 0 0 0 0 0 0 0 0 0 0 0 0 0 0 0 0 0 0 0 0 0 0 0 0 0 0 0 0 0 0 0 0 0 0 0 0 0 0 0 0 0 0 0 0 0 0 0 0 0 0 0 0 0 0 0 0 0 0 0 0 0 0 0 0 0 0 0 0 0 0 0 0 0 0 0 0 0 0 0 0 0 0 0 0 0 0 0 0 0 0 0 0 0 0 0 0 0 0 0 0 0 0 0 0 0 0 0 0 0 0 0 0 0 0 0 0 0 0 0 0 0 0 0 0 0 0 0 0 0 0 0 0 0 0 0 0 0 0 0 0 0 0 0 0 0 0 0 0 0 0 0 0 0 0 0 0 0 0 0 0 0 0 0 0 0 0 0 0 0 0 0 0 0 0 0 0 0 0 0 0 0 0 0 0 0 0 0 0 0 0 0 0 0 0 0 0 0 0 0 0 0 0 0 0 0 0 0 0 0 0 0 0 0 0 0 0 0 0 0 0 0 0 0 0 0 0 0 0 0 0 0 0 0 0 0 0 0 0 0 0 0 0 0 0 0 0 0 0 0 0 0 0 0 0 0 0 0 0 0 0 0 0 0 0 0 0 0 0 0 0 0 0 0 0 0 0 0 0 0 0 0 0 0 0 0 0 0 0 0 0 0 0 0 0 0 0 0 0 0 0 0 0 0 0 0 0 0 0 0 0 0 0 0 0 0 0 0 0 0 0 0 0 0 0 0 0 0 0 0 0 0 0 0 0 0 0 0 0 0 0 0 0 0 0 0 0 0 0 0 0 0 0 0 0 0 0 0 0 0 0 0 0 0 0 0 0 0
 0 0 0 0 0 0 0 0 0 0 0 0 0 0 0 0 0 0 0 0 0 0 0 0 0 0 0 0 0 0 0 0 0 0 0 0 0 0 0 0 0 0 0 0 0 0 0 0 0 0 0 0 0 0 0 0 0 0 0 0 0 0 0 0 0 0 0 0 0 0 0 0 0 0 0 0 0 0 0 0 0 0 0 0 0 0 0 0 0 0 0 0 0 0 0 0 0 0 0 0 0 0 0 0 0 0 0 0 0 0 0 0 0 0 0 0 0 0 0 0 0 0 0 0 0 0 0 0 0 0 0 0 0 0 0 0 0 0 0 0 0 0 0 0 0 0 0 0 0 0 0 0 0 0 0 0 0 0 0 0 0 0 0 0 0 0 0 0 0 0 0 0 0 0 0 0 0 0 0 0 0 0 0 0 0 0 0 0 0 0 0 0 0 0 0 0 0 0 0 0 0 0 0 0 0 0 0 0 0 0 0 0 0 0 0 0 0 0 0 0 0 0 0 0 0 0 0 0 0 0 0 0 0 0 0 0 0 0 0 0 0 0 0 0 0 0 0 0 0 0 0 0 0 0 0 0 0 0 0 0 0 0 0 0 0 0 0 0 0 0 0 0 0 0 0 0 0 0 0 0 0 0 0 0 0 0 0 0 0 0 0 0 0 0 0 0 0 0 0 0 0 0 0 0 0 0 0 0 0 0 0 0 0 0 0 0 0 0 0 0 0 0 0 0 0 0 0 0 0 0 0 0 0 0 0 0 0 0 0 0 0 0 0 0 0 0 0 0 0 0 0 0 0 0 0 0 0 0 0 0 0 0 0 0 0 0 0 0 0 0 0 0 0 0 0 0 0 0 0 0 0 0 0 0 0 0 0 0 0 0 0 0 0 0 0 0 0 0 0 0 0 0 0 0 0 0 0 0 0 0 0 0 0 0 0 0 0 0 0 0 0 0 0 0 0 0 0 0 0 0 0 0 0 0 0 0 0 0 0 0 0 0 0 0 0 0 0 0 0 0 0 0 0 0 0 0 0 0 0 0 0 0 0 0 0 0 0 0 0 0 0 0 0 0 0 0 0 0 0 0 0 0 0 0 0 0 0 0 0 0 0 0 0 0 0 0 0 0 0 0 0 0 0 0 0 0 0 0 0 0 0 0 0 0 0 0 0 0 0 0 0 0 0 0 0 0 0 0 0 0 0 0 0 0 0 0 0 0 0 0 0 0 0 0 0 0 0 0 0 0 0 0 0 0 0 0 0 0 0 0 0 0 0 0 0 0 0 0 0 0 0 0 0 0 0 0 0 0 0 0 0 0 0 0 0 0 0 0 0 0 0 0 0 0 0 0 0 0 0 0 0 0 0 0 0 0 0 0 0 0 0 0 0 0 0 0 0 0 0 0 0 0 0 0 0 0 0 0 0 0 0 0 0 0 0 0 0 0 0 0 0 0 0 0 0 0 0 0 0 0 0 0 0 0 0 0 0 0 0 0 0 0 0 0 0 0 0 0 0 0 0 0 0 0 0 0 0 0 0 0 0 0 0 0 0 0 0 0 0 0 0 0 0 0 0 0 0 0 0 0 0 0 0 0 0 0 0 0 0 0 0 0 0 0 0 0
 0 0 0 0 0 0 0 0 0 0 0 0 0 0 0 0 0 0 0 0 0 0 0 0 0 0 0 0 0 0 0 0 0 0 0 0 0 0 0 0 0 0 0 0 0 0 0 0 0 0 0 0 0 0 0 0 0 0 0 0 0 0 0 0 0 0 0 0 0 0 0 0 0 0 0 0 0 0 0 0 0 0 0 0 0 0 0 0 0 0 0 0 0 0 0 0 0 0 0 0 0 0 0 0 0 0 0 0 0 0 0 0 0 0 0 0 0 0 0 0 0 0 0 0 0 0 0 0 0 0 0 0 0 0 0 0 0 0 0 0 0 0 0 0 0 0 0 0 0 0 0 0 0 0 0 0 0 0 0 0 0 0 0 0 0 0 0 0 0 0 0 0 0 0 0 0 0 0 0 0 0 0 0 0 0 0 0 0 0 0 0 0 0 0 0 0 0 0 0 0 0 0 0 0 0 0 0 0 0 0 0 0 0 0 0 0 0 0 0 0 0 0 0 0 0 0 0 0 0 0 0 0 0 0 0 0 0 0 0 0 0 0 0 0 0 0 0 0 0 0 0 0 0 0 0 0 0 0 0 0 0 0 0 0 0 0 0 0 0 0 0 0 0 0 0 0 0 0 0 0 0 0 0 0 0 0 0 0 0 0 0 0 0 0 0 0 0 0 0 0 0 0 0 0 0 0 0 0 0 0 0 0 0 0 0 0 0 0 0 0 0 0 0 0 0 0 0 0 0 0 0 0 0 0 0 0 0 0 0 0 0 0 0 0 0 0 0 0 0 0 0 0 0 0 0 0 0 0 0 0 0 0 0 0 0 0 0 0 0 0 0 0 0 0 0 0 0 0 0 0 0 0 0 0 0 0 0 0 0 0 0 0 0 0 0 0 0 0 0 0 0 0 0 0 0 0 0 0 0 0 0 0 0 0 0 0 0 0 0 0 0 0 0 0 0 0 0 0 0 0 0 0 0 0 0 0 0 0 0 0 0 0 0 0 0 0 0 0 0 0 0 0 0 0 0 0 0 0 0 0 0 0 0 0 0 0 0 0 0 0 0 0 0 0 0 0 0 0 0 0 0 0 0 0 0 0 0 0 0 0 0 0 0 0 0 0 0 0 0 0 0 0 0 0 0 0 0 0 0 0 0 0 0 0 0 0 0 0 0 0 0 0 0 0 0 0 0 0 0 0 0 0 0 0 0 0 0 0 0 0 0 0 0 0 0 0 0 0 0 0 0 0 0 0 0 0 0 0 0 0 0 0 0 0 0 0 0 0 0 0 0 0 0 0 0 0 0 0 0 0 0 0 0 0 0 0 0 0 0 0 0 0 0 0 0 0 0 0 0 0 0 0 0 0 0 0 0 0 0 0 0 0 0 0 0 0 0 0 0 0 0 0 0 0 0 0 0 0 0 0 0 0 0 0 0 0 0 0 0 0 0 0 0 0 0 0 0 0 0 0 0 0 0 0 0 0 0 0 0 0 0 0 0 0 0 0 0 0 0 0 0 0 0 0 0 0 0 0 0 0 0 0 0 0 0 0 0 0 0 0 0 0 0 0 0 0 0 0 0 0 0 0 0 0 0 0 0 0 0 0 0 0 0 0 0 0
SS H/E/C feature has some issues, all columns must be either H/E/C!